702 701 null
702 700 null
701 699 null
701 698 null
699 697 null
699 696 null
697 695 null
697 694 null
695 693 null
695 692 null
693 691 null
693 690 null
691 689 null
691 688 null
689 6 6
689 687 null
687 686 null
687 685 null
686 684 null
686 683 null
684 305 305
684 312 312
683 682 null
683 252 252
682 218 218
682 251 251
685 178 178
685 681 null
681 17 17
681 680 null
680 679 null
680 62 62
679 19 19
679 39 39
688 678 null
688 350 350
678 322 322
678 349 349
690 677 null
690 676 null
677 135 135
677 675 null
675 674 null
675 198 198
674 137 137
674 172 172
676 673 null
676 672 null
673 16 16
673 75 75
672 38 38
672 122 122
692 671 null
692 670 null
671 669 null
671 668 null
669 667 null
669 666 null
667 665 null
667 664 null
665 663 null
665 662 null
663 36 36
663 100 100
662 4 4
662 64 64
664 661 null
664 153 153
661 18 18
661 37 37
666 27 27
666 660 null
660 15 15
660 659 null
659 658 null
659 42 42
658 0 0
658 40 40
668 657 null
668 656 null
657 234 234
657 249 249
656 655 null
656 654 null
655 114 114
655 653 null
653 652 null
653 214 214
652 167 167
652 193 193
654 164 164
654 192 192
670 651 null
670 650 null
651 649 null
651 648 null
649 647 null
649 333 333
647 298 298
647 300 300
648 288 288
648 646 null
646 645 null
646 281 281
645 256 256
645 264 264
650 644 null
650 643 null
644 7 7
644 116 116
643 5 5
643 307 307
694 642 null
694 641 null
642 640 null
642 639 null
640 638 null
640 637 null
638 636 null
638 635 null
636 26 26
636 634 null
634 633 null
634 632 null
633 631 null
633 323 323
631 46 46
631 269 269
632 170 170
632 261 261
635 257 257
635 258 258
637 327 327
637 630 null
630 629 null
630 317 317
629 275 275
629 297 297
639 628 null
639 627 null
628 626 null
628 625 null
626 624 null
626 623 null
624 622 null
624 621 null
622 620 null
622 126 126
620 51 51
620 115 115
621 208 208
621 248 248
623 619 null
623 103 103
619 47 47
619 48 48
625 8 8
625 9 9
627 618 null
627 617 null
618 616 null
618 129 129
616 31 31
616 110 110
617 29 29
617 30 30
641 80 80
641 615 null
615 22 22
615 614 null
614 613 null
614 235 235
613 125 125
613 154 154
696 612 null
696 611 null
612 610 null
612 609 null
610 608 null
610 607 null
608 606 null
608 605 null
606 604 null
606 603 null
604 602 null
604 601 null
602 311 311
602 315 315
601 310 310
601 325 325
603 600 null
603 599 null
600 598 null
600 303 303
598 183 183
598 186 186
599 190 190
599 308 308
605 597 null
605 596 null
597 595 null
597 594 null
595 173 173
595 174 174
594 89 89
594 145 145
596 171 171
596 260 260
607 593 null
607 592 null
593 591 null
593 140 140
591 68 68
591 134 134
592 590 null
592 589 null
590 32 32
590 33 33
589 588 null
589 141 141
588 34 34
588 35 35
609 587 null
609 586 null
587 314 314
587 585 null
585 584 null
585 338 338
584 320 320
584 321 321
586 245 245
586 583 null
583 582 null
583 342 342
582 318 318
582 319 319
611 581 null
611 580 null
581 579 null
581 578 null
579 577 null
579 576 null
577 575 null
577 331 331
575 262 262
575 270 270
576 574 null
576 295 295
574 222 222
574 282 282
578 272 272
578 573 null
573 572 null
573 571 null
572 570 null
572 569 null
570 14 14
570 130 130
569 568 null
569 184 184
568 108 108
568 155 155
571 93 93
571 163 163
580 567 null
580 566 null
567 565 null
567 564 null
565 203 203
565 219 219
564 72 72
564 162 162
566 160 160
566 563 null
563 562 null
563 96 96
562 2 2
562 67 67
698 561 null
698 560 null
561 559 null
561 558 null
559 557 null
559 556 null
557 50 50
557 69 69
556 555 null
556 81 81
555 49 49
555 78 78
558 194 194
558 554 null
554 553 null
554 225 225
553 216 216
553 224 224
560 552 null
560 551 null
552 550 null
552 549 null
550 548 null
550 547 null
548 546 null
548 545 null
546 544 null
546 543 null
544 542 null
544 541 null
542 540 null
542 539 null
540 91 91
540 109 109
539 112 112
539 124 124
541 538 null
541 152 152
538 136 136
538 146 146
543 537 null
543 536 null
537 535 null
537 200 200
535 175 175
535 188 188
536 534 null
536 217 217
534 204 204
534 205 205
545 533 null
545 532 null
533 531 null
533 530 null
531 529 null
531 528 null
529 228 228
529 230 230
528 247 247
528 250 250
530 527 null
530 283 283
527 254 254
527 277 277
532 526 null
532 525 null
526 524 null
526 330 330
524 285 285
524 304 304
525 523 null
525 346 346
523 335 335
523 339 339
547 522 null
547 521 null
522 520 null
522 519 null
520 518 null
520 517 null
518 53 53
518 120 120
517 127 127
517 143 143
519 516 null
519 185 185
516 156 156
516 158 158
521 515 null
521 514 null
515 513 null
515 242 242
513 209 209
513 231 231
514 512 null
514 343 343
512 243 243
512 309 309
549 511 null
549 510 null
511 509 null
511 508 null
509 507 null
509 506 null
507 505 null
507 504 null
505 503 null
505 502 null
503 501 null
503 105 105
501 56 56
501 57 57
502 107 107
502 111 111
504 500 null
504 499 null
500 118 118
500 131 131
499 139 139
499 144 144
506 498 null
506 497 null
498 496 null
498 495 null
496 147 147
496 161 161
495 182 182
495 187 187
497 494 null
497 493 null
494 191 191
494 206 206
493 207 207
493 210 210
508 492 null
508 491 null
492 490 null
492 489 null
490 488 null
490 487 null
488 227 227
488 238 238
487 255 255
487 265 265
489 486 null
489 485 null
486 274 274
486 278 278
485 284 284
485 290 290
491 484 null
491 483 null
484 482 null
484 481 null
482 293 293
482 306 306
481 324 324
481 326 326
483 480 null
483 479 null
480 337 337
480 341 341
479 345 345
479 351 351
510 478 null
510 477 null
478 476 null
478 475 null
476 474 null
476 473 null
474 472 null
474 471 null
472 60 60
472 95 95
471 106 106
471 128 128
473 470 null
473 142 142
470 133 133
470 138 138
475 469 null
475 468 null
469 467 null
469 466 null
467 148 148
467 157 157
466 168 168
466 179 179
468 465 null
468 199 199
465 180 180
465 196 196
477 464 null
477 463 null
464 462 null
464 461 null
462 460 null
462 459 null
460 215 215
460 221 221
459 229 229
459 233 233
461 458 null
461 244 244
458 240 240
458 241 241
463 457 null
463 456 null
457 455 null
457 454 null
455 253 253
455 263 263
454 267 267
454 279 279
456 453 null
456 334 334
453 292 292
453 302 302
551 452 null
551 451 null
452 232 232
452 450 null
450 449 null
450 212 212
449 23 23
449 181 181
451 448 null
451 447 null
448 132 132
448 189 189
447 84 84
447 85 85
700 446 null
700 445 null
446 444 null
446 443 null
444 442 null
444 441 null
442 440 null
442 439 null
440 24 24
440 66 66
439 438 null
439 83 83
438 41 41
438 82 82
441 437 null
441 436 null
437 435 null
437 434 null
435 433 null
435 432 null
433 431 null
433 430 null
431 259 259
431 429 null
429 428 null
429 236 236
428 169 169
428 220 220
430 20 20
430 427 null
427 426 null
427 201 201
426 166 166
426 195 195
432 425 null
432 246 246
425 86 86
425 117 117
434 424 null
434 423 null
424 422 null
424 99 99
422 3 3
422 92 92
423 71 71
423 90 90
436 421 null
436 420 null
421 419 null
421 418 null
419 417 null
419 416 null
417 415 null
417 414 null
415 226 226
415 266 266
414 123 123
414 239 239
416 1 1
416 121 121
418 287 287
418 301 301
420 332 332
420 413 null
413 412 null
413 344 344
412 280 280
412 329 329
443 411 null
443 410 null
411 409 null
411 408 null
409 407 null
409 12 12
407 10 10
407 11 11
408 406 null
408 119 119
406 59 59
406 101 101
410 405 null
410 404 null
405 211 211
405 403 null
403 165 165
403 402 null
402 401 null
402 151 151
401 65 65
401 149 149
404 400 null
404 399 null
400 398 null
400 98 98
398 21 21
398 94 94
399 73 73
399 102 102
445 397 null
445 396 null
397 395 null
397 394 null
395 159 159
395 393 null
393 392 null
393 391 null
392 390 null
392 389 null
390 54 54
390 87 87
389 25 25
389 74 74
391 176 176
391 197 197
394 388 null
394 387 null
388 386 null
388 385 null
386 384 null
386 313 313
384 296 296
384 299 299
385 383 null
385 348 348
383 340 340
383 347 347
387 382 null
387 381 null
382 380 null
382 379 null
380 213 213
380 223 223
379 378 null
379 316 316
378 271 271
378 289 289
381 377 null
381 291 291
377 268 268
377 276 276
396 376 null
396 375 null
376 374 null
376 373 null
374 372 null
374 371 null
372 370 null
372 79 79
370 44 44
370 76 76
371 369 null
371 368 null
369 43 43
369 45 45
368 113 113
368 202 202
373 367 null
373 366 null
367 63 63
367 237 237
366 365 null
366 364 null
365 363 null
365 336 336
363 286 286
363 328 328
364 273 273
364 294 294
375 362 null
375 361 null
362 360 null
362 359 null
360 358 null
360 357 null
358 356 null
358 104 104
356 28 28
356 55 55
357 355 null
357 150 150
355 13 13
355 77 77
359 52 52
359 88 88
361 354 null
361 353 null
354 61 61
354 70 70
353 352 null
353 177 177
352 58 58
352 97 97
