702 701 null
702 700 null
701 699 null
701 698 null
699 697 null
699 696 null
697 695 null
697 694 null
695 693 null
695 692 null
693 691 null
693 690 null
691 689 null
691 688 null
689 687 null
689 2 2
687 0 0
687 1 1
688 686 null
688 5 5
686 3 3
686 4 4
690 685 null
690 684 null
685 683 null
685 8 8
683 6 6
683 7 7
684 9 9
684 10 10
692 682 null
692 681 null
682 680 null
682 679 null
680 678 null
680 13 13
678 11 11
678 12 12
679 677 null
679 16 16
677 14 14
677 15 15
681 676 null
681 675 null
676 674 null
676 19 19
674 17 17
674 18 18
675 20 20
675 21 21
694 673 null
694 672 null
673 671 null
673 670 null
671 669 null
671 668 null
669 667 null
669 24 24
667 22 22
667 23 23
668 666 null
668 27 27
666 25 25
666 26 26
670 665 null
670 664 null
665 663 null
665 30 30
663 28 28
663 29 29
664 31 31
664 32 32
672 662 null
672 661 null
662 660 null
662 659 null
660 658 null
660 35 35
658 33 33
658 34 34
659 657 null
659 38 38
657 36 36
657 37 37
661 656 null
661 655 null
656 654 null
656 41 41
654 39 39
654 40 40
655 42 42
655 43 43
696 653 null
696 652 null
653 651 null
653 650 null
651 649 null
651 648 null
649 647 null
649 646 null
647 645 null
647 46 46
645 44 44
645 45 45
646 644 null
646 49 49
644 47 47
644 48 48
648 643 null
648 642 null
643 641 null
643 52 52
641 50 50
641 51 51
642 53 53
642 54 54
650 640 null
650 639 null
640 638 null
640 637 null
638 636 null
638 57 57
636 55 55
636 56 56
637 635 null
637 60 60
635 58 58
635 59 59
639 634 null
639 633 null
634 632 null
634 63 63
632 61 61
632 62 62
633 64 64
633 65 65
652 631 null
652 630 null
631 629 null
631 628 null
629 627 null
629 626 null
627 625 null
627 68 68
625 66 66
625 67 67
626 624 null
626 71 71
624 69 69
624 70 70
628 623 null
628 622 null
623 621 null
623 74 74
621 72 72
621 73 73
622 75 75
622 76 76
630 620 null
630 619 null
620 618 null
620 617 null
618 616 null
618 79 79
616 77 77
616 78 78
617 615 null
617 82 82
615 80 80
615 81 81
619 614 null
619 613 null
614 612 null
614 85 85
612 83 83
612 84 84
613 86 86
613 87 87
698 611 null
698 610 null
611 609 null
611 608 null
609 607 null
609 606 null
607 605 null
607 604 null
605 603 null
605 602 null
603 601 null
603 90 90
601 88 88
601 89 89
602 600 null
602 93 93
600 91 91
600 92 92
604 599 null
604 598 null
599 597 null
599 96 96
597 94 94
597 95 95
598 97 97
598 98 98
606 596 null
606 595 null
596 594 null
596 593 null
594 592 null
594 101 101
592 99 99
592 100 100
593 591 null
593 104 104
591 102 102
591 103 103
595 590 null
595 589 null
590 588 null
590 107 107
588 105 105
588 106 106
589 108 108
589 109 109
608 587 null
608 586 null
587 585 null
587 584 null
585 583 null
585 582 null
583 581 null
583 112 112
581 110 110
581 111 111
582 580 null
582 115 115
580 113 113
580 114 114
584 579 null
584 578 null
579 577 null
579 118 118
577 116 116
577 117 117
578 119 119
578 120 120
586 576 null
586 575 null
576 574 null
576 573 null
574 572 null
574 123 123
572 121 121
572 122 122
573 571 null
573 126 126
571 124 124
571 125 125
575 570 null
575 569 null
570 568 null
570 129 129
568 127 127
568 128 128
569 130 130
569 131 131
610 567 null
610 566 null
567 565 null
567 564 null
565 563 null
565 562 null
563 561 null
563 560 null
561 559 null
561 134 134
559 132 132
559 133 133
560 558 null
560 137 137
558 135 135
558 136 136
562 557 null
562 556 null
557 555 null
557 140 140
555 138 138
555 139 139
556 141 141
556 142 142
564 554 null
564 553 null
554 552 null
554 551 null
552 550 null
552 145 145
550 143 143
550 144 144
551 549 null
551 148 148
549 146 146
549 147 147
553 548 null
553 547 null
548 546 null
548 151 151
546 149 149
546 150 150
547 152 152
547 153 153
566 545 null
566 544 null
545 543 null
545 542 null
543 541 null
543 540 null
541 539 null
541 156 156
539 154 154
539 155 155
540 538 null
540 159 159
538 157 157
538 158 158
542 537 null
542 536 null
537 535 null
537 162 162
535 160 160
535 161 161
536 163 163
536 164 164
544 534 null
544 533 null
534 532 null
534 531 null
532 530 null
532 167 167
530 165 165
530 166 166
531 529 null
531 170 170
529 168 168
529 169 169
533 528 null
533 527 null
528 526 null
528 173 173
526 171 171
526 172 172
527 174 174
527 175 175
700 525 null
700 524 null
525 523 null
525 522 null
523 521 null
523 520 null
521 519 null
521 518 null
519 517 null
519 516 null
517 515 null
517 514 null
515 513 null
515 178 178
513 176 176
513 177 177
514 512 null
514 181 181
512 179 179
512 180 180
516 511 null
516 510 null
511 509 null
511 184 184
509 182 182
509 183 183
510 185 185
510 186 186
518 508 null
518 507 null
508 506 null
508 505 null
506 504 null
506 189 189
504 187 187
504 188 188
505 503 null
505 192 192
503 190 190
503 191 191
507 502 null
507 501 null
502 500 null
502 195 195
500 193 193
500 194 194
501 196 196
501 197 197
520 499 null
520 498 null
499 497 null
499 496 null
497 495 null
497 494 null
495 493 null
495 200 200
493 198 198
493 199 199
494 492 null
494 203 203
492 201 201
492 202 202
496 491 null
496 490 null
491 489 null
491 206 206
489 204 204
489 205 205
490 207 207
490 208 208
498 488 null
498 487 null
488 486 null
488 485 null
486 484 null
486 211 211
484 209 209
484 210 210
485 483 null
485 214 214
483 212 212
483 213 213
487 482 null
487 481 null
482 480 null
482 217 217
480 215 215
480 216 216
481 218 218
481 219 219
522 479 null
522 478 null
479 477 null
479 476 null
477 475 null
477 474 null
475 473 null
475 472 null
473 471 null
473 222 222
471 220 220
471 221 221
472 470 null
472 225 225
470 223 223
470 224 224
474 469 null
474 468 null
469 467 null
469 228 228
467 226 226
467 227 227
468 229 229
468 230 230
476 466 null
476 465 null
466 464 null
466 463 null
464 462 null
464 233 233
462 231 231
462 232 232
463 461 null
463 236 236
461 234 234
461 235 235
465 460 null
465 459 null
460 458 null
460 239 239
458 237 237
458 238 238
459 240 240
459 241 241
478 457 null
478 456 null
457 455 null
457 454 null
455 453 null
455 452 null
453 451 null
453 244 244
451 242 242
451 243 243
452 450 null
452 247 247
450 245 245
450 246 246
454 449 null
454 448 null
449 447 null
449 250 250
447 248 248
447 249 249
448 251 251
448 252 252
456 446 null
456 445 null
446 444 null
446 443 null
444 442 null
444 255 255
442 253 253
442 254 254
443 441 null
443 258 258
441 256 256
441 257 257
445 440 null
445 439 null
440 438 null
440 261 261
438 259 259
438 260 260
439 262 262
439 263 263
524 437 null
524 436 null
437 435 null
437 434 null
435 433 null
435 432 null
433 431 null
433 430 null
431 429 null
431 428 null
429 427 null
429 266 266
427 264 264
427 265 265
428 426 null
428 269 269
426 267 267
426 268 268
430 425 null
430 424 null
425 423 null
425 272 272
423 270 270
423 271 271
424 273 273
424 274 274
432 422 null
432 421 null
422 420 null
422 419 null
420 418 null
420 277 277
418 275 275
418 276 276
419 417 null
419 280 280
417 278 278
417 279 279
421 416 null
421 415 null
416 414 null
416 283 283
414 281 281
414 282 282
415 284 284
415 285 285
434 413 null
434 412 null
413 411 null
413 410 null
411 409 null
411 408 null
409 407 null
409 288 288
407 286 286
407 287 287
408 406 null
408 291 291
406 289 289
406 290 290
410 405 null
410 404 null
405 403 null
405 294 294
403 292 292
403 293 293
404 295 295
404 296 296
412 402 null
412 401 null
402 400 null
402 399 null
400 398 null
400 299 299
398 297 297
398 298 298
399 397 null
399 302 302
397 300 300
397 301 301
401 396 null
401 395 null
396 394 null
396 305 305
394 303 303
394 304 304
395 306 306
395 307 307
436 393 null
436 392 null
393 391 null
393 390 null
391 389 null
391 388 null
389 387 null
389 386 null
387 385 null
387 310 310
385 308 308
385 309 309
386 384 null
386 313 313
384 311 311
384 312 312
388 383 null
388 382 null
383 381 null
383 316 316
381 314 314
381 315 315
382 317 317
382 318 318
390 380 null
390 379 null
380 378 null
380 377 null
378 376 null
378 321 321
376 319 319
376 320 320
377 375 null
377 324 324
375 322 322
375 323 323
379 374 null
379 373 null
374 372 null
374 327 327
372 325 325
372 326 326
373 328 328
373 329 329
392 371 null
392 370 null
371 369 null
371 368 null
369 367 null
369 366 null
367 365 null
367 332 332
365 330 330
365 331 331
366 364 null
366 335 335
364 333 333
364 334 334
368 363 null
368 362 null
363 361 null
363 338 338
361 336 336
361 337 337
362 339 339
362 340 340
370 360 null
370 359 null
360 358 null
360 357 null
358 356 null
358 343 343
356 341 341
356 342 342
357 355 null
357 346 346
355 344 344
355 345 345
359 354 null
359 353 null
354 352 null
354 349 349
352 347 347
352 348 348
353 350 350
353 351 351
